AudioData
-171
-168
-170
-172
-171
-170
-170
-168
-170
-168
-169
-168
-169
-168
-169
-169
-170
-169
-169
-170
-167
-166
-170
-168
-169
-168
-165
-168
-169
-167
-169
-168
-166
-168
-166
-166
-166
-165
-166
-166
-164
-166
-164
-165
-164
-166
-163
-163
-162
-163
-160
-163
-164
-164
-164
-164
-163
-164
-160
-162
-162
-163
-161
-161
-159
-159
-162
-160
-161
-162
-160
-160
-161
-160
-163
-164
-161
-160
-160
-160
-162
-160
-162
-160
-160
-161
-159
-159
-160
-160
-158
-160
-157
-158
-157
-159
-157
-156
-155
-155
-154
-155
-158
-155
-154
-156
-154
-155
-156
-156
-154
-157
-155
-155
-160
-156
-156
-157
-156
-155
-158
-155
-153
-154
-156
-154
-157
-154
-154
-155
-156
-154
-154
-155
-153
-154
-156
-155
-157
-156
-155
-154
-156
-156
-153
-156
-153
-153
-152
-153
-152
-153
-153
-151
-155
-153
-152
-152
-150
-150
-151
-149
-150
-148
-150
-150
-149
-146
-148
-147
-147
-147
-148
-150
-148
-150
-148
-147
-146
-148
-147
-150
-148
-148
-149
-149
-146
-149
-148
-148
-148
-149
-145
-148
-145
-147
-146
-145
-145
-145
-146
-145
-143
-143
-143
-143
-144
-144
-145
-145
-145
-144
-145
-143
-145
-146
-144
-143
-145
-142
-142
-145
-143
-144
-142
-141
-143
-143
-144
-141
-143
-143
-141
-144
-144
-142
-141
-141
-140
-141
-142
-140
-140
-139
-140
-140
-140
-142
-141
-142
-142
-142
-143
-141
-142
-140
-140
-141
-140
-140
-140
-139
-139
-139
-138
-139
-140
-138
-141
-141
-140
-140
-139
-139
-140
-140
-140
-139
-140
-138
-138
-136
-137
-139
-137
-140
-139
-142
-137
-139
-138
-137
-139
-139
-137
-137
-138
-138
-137
-138
-136
-136
-138
-136
-138
-135
-136
-138
-137
-138
-138
-137
-137
-139
-136
-137
-134
-133
-131
-133
-132
-135
-135
-135
-135
-133
-131
-134
-130
-129
-130
-129
-130
-129
-132
-130
-130
-130
-130
-130
-130
-128
-129
-128
-128
-128
-129
-126
-131
-130
-131
-131
-130
-130
-131
-131
-130
-130
-130
-131
-131
-132
-130
-131
-130
-130
-130
-130
-130
-131
-130
-131
-130
-130
-130
-130
-130
-129
-128
-130
-127
-128
-129
-129
-127
-127
-128
-128
-128
-129
-126
-125
-126
-127
-126
-130
-126
-125
-125
-123
-124
-125
-125
-125
-123
-123
-125
-124
-124
-123
-123
-123
-122
-121
-120
-121
-122
-121
-125
-120
-120
-123
-121
-120
-122
-122
-123
-125
-125
-123
-123
-122
-121
-120
-120
-119
-121
-119
-119
-119
-118
-117
-119
-120
-119
-120
-120
-119
-120
-119
-118
-116
-119
-116
-120
-117
-116
-119
-118
-116
-118
-118
-118
-117
-118
-116
-116
-116
-117
-117
-118
-118
-117
-116
-116
-117
-117
-116
-115
-114
-113
-115
-115
-114
-116
-115
-115
-114
-115
-113
-113
-113
-112
-113
-114
-111
-112
-112
-111
-113
-110
-109
-110
-111
-111
-112
-110
-111
-110
-111
-111
-110
-111
-110
-110
-109
-109
-109
-111
-109
-111
-109
-110
-110
-110
-109
-109
-110
-109
-108
-108
-107
-108
-109
-108
-108
-109
-108
-106
-108
-106
-108
-108
-108
-108
-108
-107
-108
-106
-106
-105
-105
-103
-102
-102
-102
-100
-102
-103
-103
-104
-103
-102
-104
-102
-101
-103
-102
-102
-103
-101
-102
-101
-102
-101
-100
-100
-100
-101
-101
-99
-101
-100
-100
-101
-97
-99
-98
-98
-96
-96
-98
-96
-97
-95
-95
-95
-95
-96
-95
-97
-96
-95
-97
-98
-98
-98
-95
-94
-94
-94
-97
-96
-95
-95
-96
-94
-93
-96
-95
-94
-95
-94
-94
-95
-95
-93
-95
-92
-92
-92
-92
-92
-91
-91
-93
-93
-91
-90
-91
-90
-90
-92
-95
-92
-90
-90
-89
-89
-89
-90
-90
-90
-90
-90
-89
-88
-90
-88
-89
-90
-88
-89
-87
-86
-86
-86
-87
-86
-86
-84
-83
-85
-84
-85
-84
-85
-85
-85
-85
-85
-83
-84
-85
-85
-84
-83
-80
-82
-81
-81
-82
-81
-83
-81
-81
-81
-81
-80
-80
-81
-81
-79
-80
-80
-80
-79
-79
-79
-79
-79
-80
-79
-79
-80
-78
-78
-79
-80
-80
-81
-79
-78
-79
-80
-79
-78
-78
-78
-77
-77
-77
-77
-78
-76
-78
-74
-76
-76
-74
-73
-75
-73
-72
-74
-71
-73
-73
-72
-72
-74
-73
-74
-73
-74
-74
-73
-73
-72
-71
-73
-72
-71
-71
-72
-73
-73
-72
-71
-71
-70
-71
-71
-71
-70
-70
-70
-70
-70
-70
-69
-69
-69
-70
-69
-69
-67
-70
-68
-71
-70
-70
-68
-68
-69
-69
-67
-70
-67
-69
-67
-68
-67
-65
-66
-65
-68
-67
-69
-69
-67
-67
-67
-68
-68
-70
-69
-68
-68
-66
-67
-66
-67
-66
-68
-67
-66
-65
-66
-65
-67
-67
-69
-66
-65
-65
-63
-65
-64
-64
-64
-65
-63
-65
-63
-64
-64
-62
-64
-63
-62
-65
-63
-62
-63
-63
-64
-62
-64
-62
-63
-61
-60
-61
-61
-61
-60
-60
-60
-60
-62
-62
-63
-63
-62
-62
-62
-62
-61
-61
-60
-58
-59
-60
-59
-60
-59
-58
-58
-59
-61
-61
-62
-60
-59
-60
-58
-63
-60
-60
-61
-56
-58
-56
-56
-56
-58
-57
-56
-57
-59
-56
-59
-58
-56
-55
-55
-55
-59
-57
-54
-53
-54
-53
-54
-54
-57
-56
-57
-53
-52
-52
-54
-54
-53
-53
-50
-51
-51
-53
-53
-53
-51
-50
-52
-52
-54
-55
-54
-51
-50
-51
-52
-53
-52
-50
-50
-48
-52
-50
-48
-50
-48
-48
-47
-48
-49
-47
-50
-49
-50
-51
-49
-49
-48
-45
-47
-47
-47
-44
-44
-44
-43
-45
-47
-46
-48
-48
-49
-46
-45
-44
-46
-46
-47
-47
-46
-45
-45
-43
-45
-43
-44
-41
-43
-43
-45
-45
-46
-45
-41
-43
-42
-44
-45
-44
-43
-40
-40
-39
-40
-39
-41
-39
-39
-40
-40
-40
-42
-41
-40
-37
-37
-39
-40
-41
-40
-39
-39
-38
-36
-36
-36
-36
-37
-37
-36
-36
-36
-36
-37
-39
-37
-41
-38
-38
-37
-39
-39
-38
-34
-36
-33
-36
-35
-36
-37
-34
-37
-34
-33
-35
-34
-34
-36
-33
-33
-33
-34
-32
-34
-31
-31
-31
-31
-30
-32
-32
-32
-31
-30
-29
-29
-30
-31
-29
-28
-27
-28
-29
-28
-28
-27
-27
-29
-26
-26
-26
-25
-28
-29
-29
-28
-29
-26
-27
-27
-29
-28
-29
-27
-26
-26
-27
-25
-25
-25
-25
-25
-24
-24
-24
-25
-25
-24
-27
-24
-25
-25
-24
-23
-24
-23
-21
-20
-20
-22
-24
-25
-22
-22
-21
-21
-21
-22
-20
-21
-20
-21
-20
-21
-21
-20
-20
-21
-20
-22
-21
-23
-20
-20
-20
-20
-20
-21
-19
-18
-18
-20
-20
-20
-18
-20
-18
-17
-18
-19
-20
-20
-19
-20
-19
-19
-18
-18
-19
-20
-16
-18
-15
-18
-19
-18
-20
-16
-18
-17
-17
-15
-17
-15
-15
-14
-15
-16
-17
-15
-17
-15
-15
-15
-15
-16
-16
-15
-15
-14
-15
-15
-16
-14
-13
-14
-11
-14
-12
-12
-13
-12
-13
-12
-13
-12
-11
-14
-10
-11
-13
-12
-11
-10
-10
-10
-9
-9
-8
-10
-11
-11
-10
-11
-9
-10
-9
-8
-9
-8
-8
-8
-7
-8
-6
-7
-4
-5
-6
-7
-5
-8
-7
-7
-8
-7
-6
-5
-7
-5
-7
-4
-5
-4
-2
-3
-2
-2
-2
-4
-2
-5
-3
-4
-3
-4
-2
-4
-2
0
-1
0
-1
-1
-1
1
0
-1
-1
0
0
-1
0
-1
-1
0
2
0
1
1
1
1
1
1
1
1
0
1
2
1
1
3
3
3
2
2
1
3
3
3
2
3
5
2
3
3
5
5
5
5
6
5
4
5
5
4
6
5
5
6
8
7
8
8
7
7
6
8
10
11
10
10
11
12
11
12
9
10
10
10
11
12
13
12
12
10
10
11
11
11
12
10
12
10
10
10
11
11
10
12
13
11
12
12
11
13
15
14
14
14
14
12
13
13
13
15
15
17
14
14
15
17
17
17
20
19
16
18
18
17
18
20
20
22
22
21
20
20
20
23
22
23
22
20
21
19
21
24
21
21
20
18
22
22
22
19
19
21
21
19
21
21
20
21
23
21
21
22
22
21
23
21
23
22
21
23
23
23
25
25
24
26
24
24
23
24
26
23
25
23
22
26
25
26
25
25
25
24
25
25
25
27
27
27
25
26
25
24
25
26
27
26
24
24
23
25
26
29
27
27
27
26
27
26
26
26
27
26
25
26
26
27
26
28
28
27
30
31
30
29
28
29
28
30
30
28
29
29
29
29
29
27
29
30
29
29
28
29
30
28
30
29
30
28
29
30
29
30
31
29
32
32
34
32
35
31
33
30
31
31
34
32
35
34
33
33
33
33
32
34
33
34
34
33
37
36
36
35
34
32
35
36
35
36
35
33
33
33
32
34
35
34
35
34
34
35
35
36
36
35
35
35
36
35
35
33
35
36
37
38
38
38
36
36
36
36
39
39
40
40
38
39
38
39
36
35
37
35
38
37
38
40
40
39
39
40
40
41
39
39
39
37
39
40
40
39
40
40
40
43
43
41
43
41
44
43
42
43
43
44
44
44
44
43
44
43
40
43
44
45
45
45
45
45
45
46
47
46
47
45
46
47
45
45
44
47
46
47
49
50
50
49
51
51
51
52
51
49
50
50
50
50
50
52
52
52
53
52
53
54
57
55
54
55
56
56
57
54
55
52
55
56
55
58
56
56
57
59
58
59
58
59
58
59
59
56
58
58
60
61
60
61
59
59
59
58
60
60
62
63
63
62
64
64
65
65
65
65
65
65
66
65
66
62
63
64
67
65
67
66
67
66
68
67
67
68
67
67
67
67
66
68
66
64
65
66
66
69
66
66
68
69
72
69
70
69
70
70
70
70
70
69
70
70
72
72
72
72
69
71
70
72
72
73
73
71
72
72
70
72
71
72
72
73
72
73
71
72
71
72
73
72
71
72
72
72
75
73
74
72
70
71
72
73
73
73
73
74
72
73
73
75
75
72
74
71
73
72
74
74
74
74
74
76
75
75
75
75
74
76
76
75
76
75
76
77
75
77
75
75
75
76
77
76
77
79
77
77
76
77
77
76
74
75
75
74
77
77
78
79
78
79
78
78
79
76
79
79
79
78
78
78
77
78
76
78
79
77
79
77
79
77
78
80
78
80
79
78
78
79
78
76
77
76
78
76
76
76
78
77
78
79
80
80
80
81
83
80
82
82
81
81
81
79
80
79
80
80
79
81
82
81
81
82
85
83
83
84
81
85
84
84
84
84
84
84
85
85
84
84
82
84
85
87
87
87
86
89
85
89
88
86
88
87
85
85
87
87
89
89
88
89
89
88
91
89
90
89
90
90
90
90
90
90
89
89
90
91
93
90
92
92
91
92
92
93
95
96
95
95
95
95
97
96
95
96
95
96
96
96
97
96
96
96
97
98
98
96
97
96
98
99
102
98
97
96
98
101
101
101
100
101
101
101
102
101
100
99
99
100
100
101
103
100
101
100
100
101
101
102
100
102
101
103
104
104
103
106
105
105
105
105
106
105
107
108
106
106
106
106
109
110
110
109
107
109
110
111
111
109
111
109
111
110
109
111
111
110
109
110
109
110
111
110
110
107
108
110
110
111
110
110
110
112
113
112
112
111
112
114
114
112
113
113
112
116
115
116
117
114
115
115
115
116
117
116
118
118
120
118
118
115
118
119
119
120
119
118
117
115
118
118
117
117
115
118
117
117
119
117
115
115
115
117
117
117
118
117
117
118
117
118
119
120
119
119
119
119
120
119
122
121
121
121
122
120
121
122
121
122
123
121
121
122
122
123
121
123
121
121
122
120
120
117
119
120
120
121
119
120
123
122
123
123
122
123
123
124
122
123
123
123
124
123
123
123
124
123
124
122
122
125
125
128
125
125
126
126
128
127
127
125
125
126
127
125
126
125
126
129
130
130
129
128
128
127
127
128
129
130
127
130
129
129
131
129
131
131
131
133
131
131
131
132
132
132
133
133
132
130
132
132
132
132
132
132
132
133
131
132
131
131
133
132
133
135
135
136
134
135
135
134
136
136
135
136
135
135
134
136
135
137
136
135
135
137
136
138
134
134
133
135
136
136
134
137
137
138
138
137
139
139
139
139
139
140
140
140
139
139
140
139
140
140
140
143
141
142
141
140
141
141
140
142
140
140
140
142
144
143
143
143
143
142
143
143
143
143
143
144
142
146
145
145
144
142
142
144
143
142
144
143
145
145
143
144
143
145
144
144
145
142
145
144
144
142
143
146
145
146
145
145
144
147
146
147
147
148
148
147
149
149
150
149
148
149
149
150
150
150
152
150
152
151
152
153
154
155
154
152
152
152
155
153
155
155
153
154
152
155
155
155
156
155
156
154
157
155
157
155
156
156
156
158
158
156
153
155
154
155
155
155
157
155
157
159
160
161
160
161
160
159
158
158
158
160
160
160
160
159
158
162
162
162
163
164
164
166
165
162
162
161
162
163
163
162
161
160
159
161
160
162
160
163
161
162
164
161
166
162
165
165
163
164
162
161
163
163
165
161
164
163
164
165
167
169
165
165
164
165
165
165
167
166
168
166
165
165
165
164
163
162
165
164
167
166
166
167
166
169
168
168
166
164
165
166
168
168
167
169
169
167
170
168
168
168
168
169
170
170
170
168
168
167
167
168
170
169
170
169
170
169
171
172
171
171
171
171
173
170
172
171
172
170
170
170
173
172
173
170
170
170
171
171
173
172
171
172
174
173
175
173
171
172
172
171
172
173
172
172
172
175
177
175
175
174
172
173
174
174
173
174
175
174
175
176
177
177
175
175
175
175
177
177
176
177
176
179
177
177
177
176
177
178
176
177
177
176
176
178
178
179
181
180
178
179
179
180
180
178
179
177
179
180
180
181
181
182
180
180
179
180
182
182
183
184
182
183
182
183
184
185
185
185
185
183
186
186
185
185
187
186
188
186
187
186
189
188
186
187
188
187
186
186
187
188
188
190
189
189
191
189
191
189
190
192
191
190
191
190
192
190
191
192
192
192
191
191
191
190
189
189
191
190
192
191
190
190
191
191
191
190
190
191
191
191
194
193
193
194
194
196
195
196
195
195
194
195
195
197
197
197
196
198
198
198
200
198
200
200
200
201
200
200
201
200
199
199
201
200
200
201
199
198
196
200
199
201
199
198
199
200
201
202
200
200
200
201
201
201
201
201
202
202
201
202
202
202
203
203
204
203
204
205
203
204
205
205
204
203
206
206
207
205
206
204
205
205
206
204
206
204
204
205
205
205
205
205
206
204
203
203
205
204
204
205
205
205
208
205
208
207
206
203
205
206
206
207
206
207
205
209
208
207
207
207
207
206
208
209
206
209
206
207
207
208
207
207
206
206
208
209
210
208
207
206
207
207
209
209
208
208
207
208
208
208
208
206
208
208
209
209
210
211
210
212
209
212
212
211
210
208
208
211
212
213
209
212
211
214
213
213
212
211
212
213
211
212
211
211
212
211
210
212
213
213
212
211
212
211
213
213
213
214
211
214
211
212
211
212
213
212
212
212
213
213
215
214
212
214
211
213
212
211
211
211
213
214
213
212
211
213
213
213
213
214
213
214
214
214
215
214
214
215
215
215
215
215
216
215
214
212
213
212
215
214
216
214
213
215
215
214
215
216
215
214
216
214
215
215
214
216
215
214
216
216
216
215
216
216
216
217
215
215
216
215
217
217
217
218
219
219
217
219
217
216
217
216
218
215
217
218
218
219
220
219
218
219
220
221
220
220
218
220
219
219
219
222
221
224
222
225
225
225
224
222
223
223
224
224
222
223
221
222
219
219
221
221
222
223
223
222
222
225
225
227
224
222
223
222
225
222
223
223
223
226
223
225
225
227
228
229
227
227
228
229
228
230
228
230
229
230
230
230
230
229
229
229
229
230
228
230
230
230
230
230
229
229
229
231
232
232
231
232
232
233
232
231
230
231
233
233
233
233
231
232
232
234
234
232
232
231
232
236
234
236
234
234
234
234
236
236
238
237
236
238
236
236
237
237
237
239
239
240
239
238
238
239
239
242
240
238
239
238
238
237
238
239
239
238
239
237
239
240
240
241
240
240
242
241
240
240
240
240
241
242
242
243
243
240
239
240
240
242
243
244
243
244
244
244
245
244
245
244
244
244
244
245
244
242
240
242
244
245
249
248
247
247
245
250
250
249
247
247
246
245
246
245
244
245
246
247
250
250
249
250
249
249
250
248
247
250
248
251
250
251
252
252
252
253
251
252
252
255
252
253
252
253
255
253
253
254
250
253
251
253
252
252
253
252
254
256
255
255
253
255
254
255
256
257
255
254
254
255
255
255
256
254
255
255
254
257
256
256
256
256
258
255
255
257
257
257
258
258
257
256
256
256
258
259
259
260
258
258
257
259
257
258
257
257
258
257
258
257
257
258
257
257
258
258
259
257
259
259
260
258
258
260
256
259
258
257
259
259
259
258
259
259
257
257
258
257
260
260
260
260
263
260
260
259
258
259
256
260
260
258
259
260
261
262
261
264
261
262
262
263
264
261
261
261
260
262
261
265
264
264
263
262
264
263
265
264
262
263
263
263
264
264
265
262
263
263
262
261
262
261
262
262
262
262
264
264
263
265
263
264
265
263
264
263
264
264
262
263
263
263
264
263
265
265
265
263
265
266
266
266
266
265
265
266
266
267
269
267
266
266
266
267
268
266
267
266
267
266
267
267
267
267
266
268
267
267
270
269
269
266
268
269
269
271
270
270
270
272
270
270
272
270
271
269
273
272
272
274
272
271
273
272
273
272
273
272
275
273
273
272
274
274
274
277
276
277
275
273
273
275
276
276
276
274
274
277
275
275
274
274
275
274
274
276
276
275
277
276
277
277
277
278
279
277
278
278
280
277
280
278
277
276
276
276
278
280
280
281
282
280
282
281
282
282
282
281
282
283
284
281
282
280
280
279
282
282
282
282
282
282
282
284
285
284
283
284
282
282
281
281
283
283
283
283
283
284
284
283
284
285
287
285
285
285
286
288
288
286
286
286
286
285
286
286
285
285
286
286
287
288
290
290
287
288
289
287
287
287
288
288
287
288
287
285
286
286
288
287
288
288
289
290
290
289
290
288
289
290
288
290
290
291
290
290
290
289
290
291
291
294
293
292
293
289
290
289
289
290
291
291
291
289
290
291
291
291
293
290
293
290
293
290
291
290
291
291
293
290
290
292
291
292
295
291
292
289
291
290
294
293
293
292
292
293
292
292
293
290
292
289
290
291
292
293
293
293
293
294
293
291
294
293
291
294
294
295
293
292
294
292
292
293
293
295
295
296
296
296
296
296
296
297
297
296
296
293
294
295
295
295
295
295
295
295
296
294
295
296
296
295
294
293
294
294
294
294
294
293
292
293
295
295
296
295
294
297
295
298
296
295
295
294
295
296
297
295
295
295
295
295
296
296
297
295
298
298
295
297
295
297
299
299
298
299
300
297
298
297
297
296
296
295
297
298
299
299
298
299
297
300
297
297
296
295
297
296
297
297
296
296
298
297
299
301
300
301
302
301
301
300
300
300
298
298
300
299
300
301
301
302
303
303
303
304
302
303
304
305
302
304
304
304
305
306
304
305
304
305
306
305
306
305
306
308
308
309
308
306
307
307
307
305
305
306
306
308
306
306
308
308
310
310
310
310
310
310
311
311
309
310
312
312
314
311
311
311
313
311
312
313
314
316
313
315
314
314
313
312
314
315
314
313
312
316
315
317
316
315
316
318
318
319
315
314
315
317
316
317
315
318
318
317
319
320
318
320
319
320
321
320
323
322
321
321
322
320
320
319
321
322
320
322
320
321
319
319
319
320
320
318
319
320
320
320
321
322
321
320
319
319
316
315
318
314
319
321
321
321
322
321
320
318
318
319
318
319
317
319
321
320
320
318
316
317
316
319
318
320
320
319
321
319
320
319
320
320
318
319
320
319
319
318
317
319
319
320
320
319
320
320
320
320
320
321
320
319
319
320
318
317
317
318
319
320
319
320
318
319
320
322
322
320
320
320
318
318
318
320
317
318
317
315
319
318
319
318
315
319
319
322
321
323
320
323
320
320
321
320
320
321
322
323
319
319
321
323
320
321
318
319
320
320
320
320
319
319
318
319
322
318
319
320
321
321
320
321
319
319
320
319
320
318
321
319
319
318
319
315
318
319
320
320
320
318
319
320
321
320
322
320
320
319
317
319
318
321
321
320
320
318
322
321
320
322
320
320
321
321
324
321
321
318
320
319
320
320
317
315
318
319
320
320
317
318
319
319
320
320
318
319
320
320
318
318
317
317
316
316
319
317
318
317
319
319
321
321
319
319
322
319
321
319
320
320
321
323
324
322
322
321
323
322
323
322
322
320
321
321
322
322
321
321
320
320
320
320
321
322
320
321
320
320
320
321
320
320
319
318
321
318
319
318
317
320
319
319
320
319
322
321
322
322
321
320
322
322
321
320
322
321
320
320
319
319
321
322
321
320
320
322
323
321
319
320
323
323
320
319
322
322
323
320
318
318
318
320
319
317
320
322
322
322
321
318
317
319
320
321
319
317
319
321
322
317
314
313
315
318
321
322
320
319
317
319
323
320
318
316
320
324
324
320
315
314
319
324
326
320
315
316
321
325
322
317
314
323
329
330
323
316
314
319
323
324
320
315
314
315
320
324
319
317
322
327
333
325
316
309
315
324
327
325
319
321
328
327
311
298
300
319
328
329
318
324
335
336
320
305
302
317
325
324
313
314
322
325
318
306
309
321
328
324
312
309
318
322
319
313
323
330
329
327
321
314
307
305
310
323
335
328
312
304
314
320
314
299
296
311
330
335
320
301
294
300
316
325
324
315
316
330
330
310
298
306
324
326
320
323
332
336
326
309
300
298
302
314
321
330
324
316
301
300
305
310
305
301
307
327
345
342
305
279
290
325
347
336
317
320
342
345
312
288
307
342
340
307
298
317
334
322
294
273
292
329
350
335
305
288
280
289
308
318
306
292
308
331
335
319
303
297
303
325
342
348
340
321
303
303
328
341
325
307
310
319
314
305
303
301
297
296
311
334
339
312
282
286
318
334
319
311
339
361
332
289
292
335
363
342
298
283
312
350
345
306
273
273
305
345
365
338
295
285
309
339
337
313
302
319
355
365
345
332
319
281
233
255
332
378
344
292
294
345
369
326
253
230
281
344
335
305
297
335
361
333
277
266
330
406
400
312
242
274
366
390
310
226
228
325
417
409
316
235
248
309
344
330
292
286
327
371
351
284
253
292
334
334
319
324
349
365
340
296
253
264
327
381
381
341
314
315
331
329
292
266
285
329
343
324
302
295
284
296
303
295
305
340
372
371
336
309
310
329
339
308
268
289
341
353
315
273
260
275
317
351
348
317
305
337
357
350
295
227
215
288
359
355
308
289
302
326
348
359
335
315
331
369
368
335
315
311
298
265
274
328
377
371
319
272
271
292
318
298
217
188
277
401
457
397
326
276
284
319
336
293
263
307
395
420
370
287
255
258
320
353
335
285
286
312
320
292
259
228
236
302
390
373
294
260
290
310
291
296
346
364
346
318
327
367
378
364
326
277
265
289
322
316
300
279
252
274
338
356
283
234
297
364
326
250
239
294
346
339
280
267
340
399
381
335
352
383
362
321
315
339
315
268
259
294
337
340
343
346
329
297
274
295
339
369
326
246
215
262
294
263
245
306
366
377
359
351
355
327
279
261
302
360
358
317
297
323
323
276
239
234
277
309
326
326
325
321
331
363
352
299
256
256
301
303
303
312
341
361
339
325
344
378
365
303
268
269
308
329
302
260
226
263
347
384
339
264
248
329
373
325
235
220
310
400
401
305
238
264
346
374
337
298
277
314
334
318
276
225
214
249
317
330
285
257
294
343
344
287
230
272
366
412
349
248
264
333
379
351
287
244
288
373
391
339
286
305
350
345
296
234
226
289
347
355
351
325
330
378
411
353
239
213
307
395
385
340
307
315
365
324
235
189
223
321
382
372
340
328
375
385
313
245
235
277
354
400
387
337
300
287
263
224
210
219
267
343
369
324
278
266
280
278
249
250
326
412
441
394
318
283
270
253
225
201
274
366
418
393
344
293
270
287
280
250
253
327
392
369
325
254
184
175
229
248
245
305
383
437
426
380
278
211
266
308
274
265
307
347
346
357
310
237
211
279
320
319
350
374
376
383
345
289
231
254
294
295
295
307
314
340
359
327
272
266
308
375
397
408
421
448
473
482
473
446
434
457
489
483
465
488
505
520
512
511
496
499
532
538
509
452
391
365
349
315
251
235
238
224
154
137
165
168
185
191
179
222
277
280
242
210
200
214
224
247
249
206
242
265
234
207
164
129
111
114
95
75
67
103
167
154
156
126
102
145
167
173
175
194
234
280
271
242
226
213
236
210
210
239
233
202
185
180
176
184
187
200
221
241
250
227
259
284
265
244
283
338
350
345
359
397
449
500
567
617
692
770
809
824
833
854
856
830
849
839
818
800
835
827
675
494
325
196
-24
-256
-370
-346
-197
-92
30
163
287
356
312
257
225
266
311
362
445
543
612
564
463
364
249
147
58
8
11
18
17
22
35
25
-24
-73
-64
-10
63
149
270
389
475
498
487
481
438
400
388
387
390
410
442
459
424
397
331
252
217
233
245
243
265
277
278
273
270
245
202
165
156
142
179
235
241
227
210
259
261
215
221
238
239
204
215
200
171
160
121
79
31
70
94
91
120
165
173
180
225
235
264
278
322
364
374
425
422
439
466
510
537
537
582
629
751
798
802
805
827
884
868
883
865
879
891
926
843
640
495
430
257
-108
-361
-343
-195
-158
-87
18
119
235
298
278
181
215
296
318
397
528
695
665
593
548
414
283
172
92
15
-21
-30
-33
-40
7
-1
-95
-135
-81
-27
12
130
251
355
433
461
490
433
420
429
378
361
397
405
421
462
451
354
211
166
132
93
56
103
161
180
253
321
334
288
300
353
330
314
356
365
344
344
316
222
133
150
165
147
136
154
187
164
180
154
99
67
87
108
132
206
256
318
375
451
496
526
618
747
883
920
941
952
1013
1028
1017
972
900
864
815
912
941
783
493
135
-130
-444
-540
-543
-574
-458
-208
158
295
377
387
286
231
205
303
438
603
833
867
792
733
643
486
292
86
-68
-158
-123
-26
-41
-38
-91
-146
-208
-220
-190
-190
-43
166
354
488
524
629
623
605
583
480
427
468
562
590
545
505
421
295
236
172
70
-6
-37
-17
-47
-55
-48
-22
64
121
211
226
322
416
468
486
435
410
342
337
310
260
210
142
105
58
69
25
-10
-19
-13
-4
-1
46
78
161
214
285
326
365
495
552
656
705
833
937
1012
1110
1095
1115
1032
1022
991
945
997
939
1001
934
802
635
198
-239
-695
-665
-582
-589
-490
-260
145
291
386
290
95
118
163
282
356
576
922
984
951
864
726
521
300
107
-69
-198
-162
-74
-78
-67
-125
-250
-394
-414
-358
-343
-187
25
287
473
595
699
627
606
609
578
541
535
627
669
682
678
552
379
254
190
101
-8
-25
15
5
-3
20
38
21
-20
10
67
184
279
344
399
439
462
421
392
344
298
288
223
152
118
108
91
-10
-55
-90
-130
-88
-34
-12
0
47
162
211
241
310
380
461
550
693
829
960
1070
1168
1180
1113
1116
1153
1156
1097
1055
1073
1057
1070
956
728
289
-112
-475
-653
-619
-605
-493
-396
-82
140
226
231
108
64
44
180
427
590
870
1012
1085
1033
883
761
529
317
121
-21
-73
-47
-8
-45
-135
-239
-365
-463
-543
-498
-368
-210
25
262
439
537
574
599
555
517
554
613
642
675
765
796
696
571
466
333
186
65
-3
-55
-35
-18
-68
-127
-114
-69
-93
-94
-10
91
180
288
420
455
450
474
473
397
338
386
387
304
265
247
182
113
75
14
-97
-133
-72
-42
-44
17
97
142
212
335
441
486
623
822
955
1035
1111
1185
1187
1206
1279
1295
1261
1182
1142
1165
1150
1056
613
108
-299
-423
-444
-612
-647
-603
-356
-118
55
100
-58
-122
-79
-20
126
292
605
829
946
1016
954
935
862
733
467
177
115
173
229
153
3
-126
-248
-288
-376
-523
-595
-518
-306
-139
5
180
308
368
411
466
490
485
583
729
810
860
905
928
882
786
682
492
297
184
126
42
-73
-118
-172
-218
-231
-228
-255
-294
-242
-124
-48
30
100
189
280
359
417
414
410
426
479
485
430
366
335
323
271
194
113
64
56
81
93
80
88
142
219
280
344
425
525
619
735
840
898
978
1134
1261
1296
1333
1410
1447
1334
1192
973
627
305
190
221
129
-8
10
62
62
0
-104
-274
-520
-565
-498
-403
-292
-124
42
131
252
352
408
362
350
361
329
334
443
587
620
569
520
457
388
293
239
138
23
5
79
143
126
85
53
-8
-53
-50
-18
-36
-34
67
181
262
330
441
495
476
458
471
489
482
491
516
504
490
483
494
467
380
292
220
170
130
123
86
25
-16
-12
-6
-55
-83
-85
-111
-128
-94
-27
-22
-33
5
66
84
126
234
287
307
361
458
496
512
629
718
737
781
873
945
946
1010
1074
1063
1066
1122
1171
1182
1170
1134
993
743
577
454
363
235
80
90
123
75
65
-22
-131
-320
-482
-505
-517
-498
-381
-265
-192
-58
56
185
227
210
233
224
238
371
543
636
673
686
702
702
638
578
467
319
262
256
264
265
214
157
89
16
-47
-78
-130
-185
-192
-136
-58
15
111
225
251
252
303
356
402
431
456
461
477
528
595
610
550
508
451
414
381
362
303
201
144
126
102
59
6
-49
-122
-144
-134
-153
-161
-148
-142
-140
-113
-49
37
75
134
215
255
349
438
542
622
688
789
874
946
1034
1096
1108
1138
1200
1255
1302
1326
1360
1324
1218
1082
838
612
452
376
181
-15
12
35
-47
-134
-194
-286
-535
-673
-634
-648
-655
-564
-431
-289
-115
40
209
220
247
324
330
389
516
666
742
770
840
880
864
788
706
565
394
311
276
238
189
90
29
-12
-67
-128
-190
-270
-319
-313
-247
-158
-78
36
161
240
300
386
448
477
481
505
561
600
640
704
731
679
616
566
521
431
332
252
163
92
61
51
2
-74
-149
-195
-235
-261
-259
-259
-270
-239
-180
-108
-50
40
117
135
197
297
393
475
557
667
741
823
937
998
1030
1080
1088
1112
1136
1209
1256
1243
1292
1296
1211
1061
833
651
443
309
165
1
-17
8
-18
-57
-151
-233
-414
-578
-609
-639
-672
-587
-468
-330
-172
-22
175
245
250
330
351
361
432
598
714
741
785
861
914
825
751
674
487
353
289
256
200
84
54
31
-49
-122
-144
-216
-306
-331
-271
-211
-158
-57
88
191
248
333
419
445
480
503
536
572
598
664
705
676
645
593
540
462
377
284
190
114
43
22
-2
-76
-139
-200
-229
-275
-304
-295
-296
-295
-240
-164
-88
-6
86
161
225
305
408
493
575
675
784
874
944
1059
1103
1136
1153
1179
1225
1219
1256
1324
1347
1303
1201
990
776
592
445
296
53
-56
-10
-33
-43
-105
-171
-271
-500
-568
-584
-659
-662
-595
-456
-309
-149
17
205
242
280
320
306
344
426
586
651
667
734
829
895
814
741
640
464
355
316
259
172
84
66
76
6
-61
-93
-182
-257
-284
-257
-209
-159
-65
82
195
233
329
409
446
475
491
535
577
601
691
766
715
680
656
599
524
391
320
238
123
85
71
15
-47
-137
-167
-224
-317
-326
-346
-370
-356
-305
-227
-168
-108
37
125
139
227
323
422
497
585
706
765
843
958
1066
1102
1098
1120
1149
1180
1208
1219
1244
1249
1254
1203
1099
862
664
436
307
163
-33
-45
-35
-52
-23
-86
-142
-276
-446
-508
-548
-635
-569
-481
-362
-183
-33
130
263
256
327
341
316
318
398
518
578
627
711
776
792
731
696
562
421
332
277
232
176
115
103
100
41
22
-32
-124
-171
-215
-169
-145
-106
11
108
194
265
347
400
416
425
462
489
479
538
604
633
638
632
617
565
482
412
338
210
137
100
50
33
-21
-70
-119
-195
-231
-243
-322
-334
-323
-278
-217
-169
-65
45
88
159
233
295
380
467
565
675
767
865
960
1036
1123
1171
1156
1179
1207
1235
1292
1302
1323
1278
1202
1007
791
610
438
284
45
-14
-22
-73
-34
-50
-115
-244
-395
-467
-524
-606
-601
-532
-473
-326
-160
-4
181
235
280
305
281
330
382
451
508
552
660
721
747
770
738
660
522
408
349
295
222
149
94
94
112
59
23
-37
-73
-109
-134
-128
-121
-49
31
121
180
245
342
385
425
445
450
440
506
559
596
601
577
599
585
530
455
364
281
179
109
69
45
-24
-71
-114
-164
-219
-241
-295
-353
-364
-318
-255
-199
-121
-9
74
153
225
278
334
409
494
597
668
790
910
973
1064
1120
1152
1158
1150
1162
1179
1164
1206
1197
1151
1086
980
728
479
208
70
-18
-205
-181
-145
-130
-38
7
-23
-134
-315
-382
-368
-386
-314
-227
-154
92
299
440
544
591
562
548
441
388
400
402
452
420
415
466
455
406
297
165
5
-114
-191
-224
-238
-250
-216
-131
-39
8
80
124
145
179
205
316
405
519
639
747
791
852
883
832
750
605
547
452
349
303
225
191
94
45
-24
-115
-202
-287
-330
-377
-339
-279
-181
-81
-17
53
107
164
178
196
191
194
239
289
375
419
437
453
450
441
404
375
351
353
376
448
557
636
675
760
813
844
864
899
975
1021
1119
1227
1293
1309
1183
960
557
272
17
-100
-338
-450
-363
-247
-34
112
109
-8
-175
-182
-207
-224
-228
-18
158
385
650
865
976
964
891
704
505
294
206
164
69
17
-13
-15
-15
-94
-195
-312
-473
-548
-518
-413
-256
-129
54
253
434
597
720
778
754
752
770
855
882
920
915
897
840
714
609
386
177
-23
-177
-304
-380
-360
-320
-265
-230
-168
-162
-168
-73
-36
11
-2
146
302
423
575
645
631
564
568
542
417
287
180
109
19
12
22
-38
-98
-106
-115
-154
-152
-104
-27
23
124
311
461
670
824
964
1015
1077
1188
1230
1300
1312
1375
1386
1420
1459
1383
1324
1105
852
346
-125
-340
-543
-644
-869
-755
-577
-380
-68
95
82
-82
-122
-16
48
97
229
469
602
878
1073
1182
1109
938
735
454
189
-56
-118
-194
-285
-317
-318
-240
-260
-286
-349
-399
-448
-390
-201
-20
214
367
559
756
895
1004
1008
943
832
763
717
723
658
558
503
415
323
184
43
-97
-246
-330
-383
-344
-301
-196
-54
34
159
205
292
352
302
330
322
336
377
388
469
476
419
429
349
236
146
26
-78
-195
-243
-217
-222
-220
-157
-128
-93
-18
35
102
135
208
342
448
592
756
891
1020
1082
1165
1197
1202
1175
1096
1128
1123
1090
1108
1082
1152
1076
942
836
385
-69
-380
-532
-560
-826
-770
-464
-267
21
271
345
278
87
85
150
54
140
315
421
601
807
985
991
873
668
437
150
-120
-180
-248
-282
-289
-267
-122
-20
-20
-30
-78
-161
-157
-72
75
231
319
477
642
770
826
794
732
634
503
426
391
383
363
323
340
310
186
158
94
-20
-109
-153
-90
-66
12
205
296
327
387
454
453
333
295
269
161
165
191
230
221
174
248
185
76
53
-27
-117
-185
-195
-143
-139
-82
26
51
100
163
204
230
244
327
348
423
519
656
748
836
961
1014
1038
1041
1052
986
960
952
930
942
936
1052
1054
1025
1039
863
587
87
-196
-412
-562
-727
-807
-554
-337
-43
247
331
340
225
195
168
123
104
253
400
512
785
959
1033
995
855
636
341
64
-114
-189
-267
-321
-285
-212
-74
-34
-25
-68
-148
-178
-133
-43
77
183
318
495
661
759
822
772
678
592
506
429
364
325
315
300
264
270
268
161
90
35
-3
-54
-49
53
120
180
289
351
382
425
378
330
224
145
172
104
105
139
174
169
159
182
140
66
-24
-55
-96
-105
-71
-17
62
90
186
258
276
282
308
300
300
376
457
551
603
667
811
845
862
897
886
789
769
774
829
864
827
940
937
985
1076
1050
958
737
295
-40
-300
-402
-538
-780
-661
-373
-136
159
328
392
346
249
250
193
107
231
407
467
666
836
985
1050
958
764
469
97
-149
-261
-320
-352
-423
-439
-249
-95
-22
-49
-133
-152
-162
-71
95
174
253
407
609
768
816
782
721
630
530
461
355
284
276
289
326
272
213
168
133
85
35
-24
-41
8
89
248
341
340
395
461
484
397
303
205
124
84
76
134
105
99
164
156
136
105
39
-41
-89
-86
-20
-9
24
133
201
259
279
305
293
293
315
317
355
405
476
564
618
704
712
730
745
750
704
722
690
710
755
820
891
861
924
1031
1084
1076
943
688
213
-120
-220
-362
-594
-726
-512
-214
35
301
462
468
358
326
298
206
167
254
342
448
655
831
933
930
804
611
286
-43
-256
-377
-451
-489
-503
-384
-207
-69
40
47
17
10
-10
78
165
244
340
446
597
755
814
745
623
518
448
372
250
182
181
216
246
269
270
251
216
168
162
100
120
160
208
304
390
468
475
470
512
404
268
140
68
43
10
16
70
33
109
162
130
143
65
-6
-26
-70
50
87
80
191
233
282
329
300
284
249
218
215
250
304
390
458
505
581
606
636
683
679
626
626
672
733
802
895
1037
1102
1140
1280
1277
1286
1081
799
330
-14
-276
-412
-600
-731
-555
-288
-98
232
318
373
300
199
178
126
74
183
330
464
710
876
1023
1031
905
709
394
55
-204
-369
-425
-487
-463
-415
-235
-113
1
39
-42
-55
-55
-8
58
137
250
375
509
657
758
750
710
648
529
465
364
359
300
271
329
340
317
320
280
244
215
118
139
163
153
249
288
337
373
368
416
330
249
179
99
30
-2
61
87
73
88
154
175
173
162
136
45
15
17
70
70
92
144
189
172
210
215
226
176
168
202
252
296
402
507
535
577
707
739
741
732
771
825
773
813
942
978
1108
1102
1143
1215
1214
1157
922
556
181
-201
-435
-549
-697
-781
-567
-277
-20
228
358
384
330
260
242
201
155
310
483
590
752
910
1029
1001
810
556
250
-87
-354
-457
-513
-595
-595
-450
-263
-137
-43
11
-8
-40
19
99
143
239
380
517
654
817
920
885
792
717
643
506
373
313
241
254
303
267
237
222
172
159
106
15
19
28
112
215
281
331
391
425
418
399
295
191
165
102
114
130
143
171
165
150
176
151
71
-1
-49
-45
-19
-18
93
127
133
195
242
218
198
193
219
197
231
330
407
417
549
634
675
611
673
727
692
675
680
681
716
722
940
1005
1028
1045
1126
1188
1173
1041
904
527
88
-181
-375
-460
-645
-701
-463
-248
8
257
302
353
268
212
195
150
160
333
450
563
701
850
947
895
725
495
192
-125
-349
-416
-469
-488
-465
-379
-190
-55
44
78
64
67
95
148
252
368
436
578
698
777
854
839
768
681
598
498
382
297
256
268
210
163
141
93
77
51
5
-27
-5
44
125
213
310
378
394
406
400
373
344
297
235
205
223
226
233
190
164
155
91
47
-10
-40
-66
-58
-12
24
75
120
160
236
218
216
224
213
248
310
358
438
454
522
616
636
660
652
686
705
667
688
687
665
697
764
903
937
942
1048
1057
1110
1100
967
718
263
-80
-223
-387
-503
-640
-566
-311
-78
137
284
272
265
208
136
119
81
195
385
458
602
762
872
941
839
651
399
70
-175
-267
-316
-339
-374
-328
-199
-55
62
92
65
37
31
81
150
246
328
449
601
687
762
783
765
713
607
509
400
272
213
205
189
146
108
100
79
68
62
43
26
4
60
158
239
300
326
394
435
432
422
345
288
272
207
195
177
147
168
134
139
122
61
34
-30
-36
-6
20
88
111
180
253
263
258
251
225
228
261
311
353
416
480
597
653
674
665
680
656
683
660
598
576
623
686
818
857
946
989
1051
1120
1097
963
772
340
-14
-245
-357
-393
-625
-581
-251
-99
106
254
257
321
147
93
121
53
159
396
465
644
803
931
968
868
719
507
118
-143
-235
-284
-310
-334
-305
-198
-90
-5
38
-11
-24
-32
-35
29
163
285
425
555
666
750
795
758
722
648
555
451
319
284
288
277
252
163
117
74
26
15
-35
-45
-10
34
119
256
333
384
406
424
420
370
344
321
297
275
266
289
215
190
234
157
107
30
3
1
-44
8
81
51
126
178
228
233
188
209
202
190
261
312
355
424
488
575
588
623
650
647
647
614
657
640
619
707
698
733
873
904
984
971
1020
1099
951
787
598
192
-122
-309
-333
-424
-528
-327
-105
58
230
291
323
212
99
119
45
85
304
457
552
698
862
946
862
719
521
235
-21
-183
-248
-275
-274
-209
-179
-124
-15
-8
-36
-47
-46
-54
-21
90
265
395
541
662
734
777
769
738
670
553
465
379
323
292
290
283
222
162
109
50
32
-30
-48
3
14
65
201
312
396
424
434
442
407
367
352
335
295
279
302
252
222
248
199
128
54
6
-4
-35
-49
-6
22
68
122
172
203
206
200
197
183
228
256
292
364
428
460
484
508
538
568
580
590
599
614
635
695
727
750
849
879
936
1031
1054
1095
1117
1047
965
653
253
-40
-226
-313
-437
-582
-416
-242
-64
138
167
190
114
-15
27
8
49
298
429
546
725
885
986
945
765
633
351
62
-112
-135
-159
-173
-190
-176
-135
-109
-141
-154
-211
-236
-225
-177
-11
171
320
485
615
690
772
755
762
725
670
602
530
463
486
475
425
300
213
115
18
-82
-95
-96
-82
-75
7
125
230
286
315
340
343
334
354
335
386
425
420
393
351
344
328
243
139
68
10
-49
-67
-73
-40
-8
8
42
62
91
90
111
128
165
196
249
338
430
485
519
531
564
593
633
655
669
690
718
740
694
707
707
785
750
804
863
943
970
1010
985
920
643
346
-3
-200
-299
-384
-448
-349
-178
9
157
195
244
120
3
-61
-54
7
223
379
532
662
841
912
892
730
590
358
115
-51
-67
-64
-43
-23
-44
-35
-66
-136
-192
-267
-292
-271
-243
-71
115
313
488
607
659
695
685
672
636
617
596
572
555
568
598
545
425
299
165
36
-68
-112
-118
-126
-60
11
85
167
212
240
230
226
241
244
240
335
413
417
431
427
403
369
298
250
154
90
56
22
-15
1
42
66
42
52
80
55
52
107
145
181
227
311
413
490
539
571
587
598
679
715
729
737
775
796
765
729
805
833
831
836
880
901
937
946
874
687
305
45
-164
-294
-325
-400
-367
-197
-85
158
188
171
113
-15
-67
-57
-22
204
385
512
672
754
853
874
736
593
393
157
29
-6
42
43
49
12
0
-84
-185
-236
-291
-320
-297
-245
-111
53
271
450
537
562
579
594
582
585
605
639
617
630
646
656
617
510
349
179
11
-75
-102
-120
-83
-18
5
54
77
98
123
80
125
120
128
225
349
432
471
497
492
404
377
341
278
194
169
174
133
84
126
135
85
50
32
-9
-52
-3
70
95
127
209
277
340
385
475
483
476
543
608
677
754
780
825
827
873
837
776
824
890
905
855
886
925
911
821
662
350
24
-222
-242
-331
-413
-338
-176
-86
82
122
125
30
-87
-56
-70
-62
178
442
559
714
786
849
800
706
575
433
210
151
109
109
126
159
84
-21
-133
-237
-340
-390
-371
-321
-255
-122
73
190
309
415
473
440
437
498
585
658
741
795
795
765
746
688
518
339
205
93
-11
-19
0
23
29
35
28
-27
-85
-67
-25
-11
59
126
235
353
451
487
488
437
415
378
381
336
344
339
327
284
230
161
131
59
16
-43
-80
-77
-29
2
40
83
119
148
202
277
331
397
473
543
630
725
814
857
853
878
897
854
824
855
886
923
938
925
948
891
834
652
356
35
-233
-316
-281
-357
-281
-174
-45
82
76
30
6
-139
-113
-72
-19
197
448
645
773
784
800
764
669
543
400
272
205
220
230
217
230
152
0
-164
-294
-380
-419
-422
-310
-205
-90
17
135
207
294
300
319
326
414
561
700
791
860
904
860
791
690
576
396
269
165
127
84
116
113
92
5
-20
-109
-182
-226
-140
-75
-9
79
198
289
354
389
385
360
362
418
412
410
467
504
459
410
325
264
173
144
101
42
15
32
32
20
1
25
10
1
77
151
210
305
429
542
656
729
799
801
867
939
965
936
976
1029
1096
1027
1050
1029
1007
890
718
372
75
-148
-185
-262
-401
-381
-233
-164
-116
-107
-143
-186
-278
-205
-155
-30
174
466
578
723
738
828
775
739
630
573
445
450
380
401
361
329
135
-23
-186
-307
-455
-460
-410
-322
-290
-195
-103
-54
16
115
146
139
216
394
569
693
848
947
974
929
855
786
662
528
450
351
279
218
206
179
132
7
-105
-219
-302
-321
-242
-192
-118
-63
36
129
183
194
293
297
337
378
431
517
577
600
614
517
436
381
323
264
192
144
130
88
36
33
5
-21
-51
-54
-34
22
92
208
317
422
529
608
671
764
865
925
926
994
1057
1093
1120
1155
1146
1141
1063
981
741
370
129
-50
-133
-257
-342
-330
-250
-230
-185
-272
-336
-434
-417
-396
-284
-165
158
374
543
593
699
770
776
702
672
646
618
605
633
626
558
456
297
92
-141
-267
-362
-403
-413
-331
-305
-279
-275
-222
-176
-165
-142
-54
70
261
465
636
786
893
953
948
893
819
774
719
694
623
563
502
439
340
228
95
-39
-200
-290
-313
-285
-255
-224
-186
-157
-142
-106
-64
-13
72
158
265
343
426
545
617
614
565
529
513
480
444
438
403
377
310
242
133
63
20
-6
-71
-68
-42
25
92
167
244
344
381
472
572
679
791
854
968
1075
1119
1191
1227
1255
1307
1195
1028
677
396
264
183
58
-77
-168
-92
-136
-230
-355
-469
-547
-616
-645
-586
-455
-170
119
225
296
390
545
582
561
596
692
747
787
810
845
827
768
619
386
141
6
-64
-145
-201
-201
-189
-273
-344
-386
-383
-395
-389
-345
-224
-76
140
322
481
603
727
766
755
745
804
839
857
837
806
779
738
653
513
345
192
66
-62
-152
-178
-175
-189
-215
-259
-299
-312
-292
-256
-201
-141
-25
98
205
315
401
463
485
486
508
518
538
584
604
600
556
475
405
325
240
186
115
66
53
81
108
112
123
177
215
264
312
394
503
616
723
813
859
969
1059
1131
1171
1141
1076
897
654
482
382
354
276
170
105
50
-12
-115
-287
-431
-552
-590
-574
-529
-389
-177
-35
62
100
195
274
311
374
459
558
670
749
809
832
815
770
625
441
294
224
180
129
94
76
1
-102
-215
-288
-342
-378
-370
-310
-246
-127
37
174
264
330
425
470
482
549
678
759
766
779
807
774
712
672
605
471
348
278
197
97
52
61
-15
-148
-219
-228
-254
-291
-265
-214
-197
-146
-54
10
61
140
236
269
278
349
457
520
550
585
604
578
525
502
477
430
400
366
312
258
240
242
195
155
147
198
217
260
340
441
480
520
576
661
713
813
913
1020
1028
985
829
660
530
488
435
349
279
278
257
190
63
-88
-246
-369
-462
-500
-479
-371
-209
-115
-61
-6
67
107
120
153
250
358
478
589
681
740
781
738
635
496
420
395
351
312
297
285
219
112
-10
-116
-202
-237
-263
-270
-231
-127
-20
52
102
166
209
235
273
345
435
516
595
641
668
685
685
661
600
532
492
435
364
310
282
242
166
82
11
-49
-92
-126
-153
-174
-169
-151
-130
-116
-78
-14
31
67
106
175
246
317
382
426
452
464
478
489
485
493
495
470
443
424
409
379
331
293
275
257
264
291
339
410
459
491
504
524
565
616
666
738
837
879
823
674
555
495
461
380
309
269
308
291
241
101
-27
-141
-220
-343
-400
-368
-228
-119
-91
-68
-3
62
82
67
91
172
286
393
452
530
614
681
642
534
434
395
384
369
340
332
328
279
190
71
-19
-74
-119
-155
-154
-117
-42
27
83
110
127
160
172
185
232
318
415
485
511
549
568
560
532
503
471
446
418
402
368
330
300
261
185
91
50
35
-5
-56
-55
-46
-51
-77
-61
-53
-36
-13
38
51
80
160
255
269
276
323
376
390
395
424
453
463
478
482
441
408
414
409
356
325
337
355
348
357
390
423
463
507
533
535
573
649
720
761
735
625
475
421
419
387
347
348
341
335
289
210
61
-61
-121
-179
-289
-296
-192
-74
-43
-44
-21
-1
3
19
39
95
197
327
398
424
467
554
585
511
417
383
393
405
411
413
406
375
309
201
76
-10
-8
-3
-39
-58
-13
51
77
98
103
99
93
115
139
182
253
356
420
449
452
481
477
454
444
450
435
427
429
430
410
365
324
256
173
112
88
65
56
64
81
38
-6
-23
-28
-47
-55
-27
26
75
132
192
208
225
254
268
257
271
325
391
433
462
481
491
472
440
406
369
352
358
374
370
368
369
367
347
322
305
305
310
340
397
478
543
588
606
595
587
516
415
320
315
338
361
343
363
342
322
236
122
-24
-97
-122
-105
-140
-91
11
72
46
9
5
20
5
22
64
135
245
359
407
404
413
440
415
327
288
325
377
396
389
378
366
337
260
154
81
65
92
108
98
113
151
189
161
99
73
96
118
125
153
220
298
350
369
350
332
347
364
350
344
372
428
435
416
393
384
355
307
244
199
174
180
179
160
128
102
81
48
17
-1
11
17
27
42
83
112
125
128
149
158
177
205
250
286
328
368
386
375
379
398
388
369
366
378
376
365
363
369
358
342
321
298
295
316
340
349
358
389
408
390
360
335
325
324
309
300
315
334
345
328
290
252
220
187
153
126
129
153
169
166
158
157
151
128
109
101
116
145
175
192
205
228
242
241
221
205
209
218
228
240
248
267
275
257
233
217
210
207
202
196
200
202
217
210
195
182
187
180
171
167
186
201
197
198
213
217
221
207
195
180
171
182
176
162
163
173
173
162
155
152
142
123
121
128
134
145
158
172
178
193
216
238
267
318
386
440
494
544
604
645
686
733
814
875
900
840
720
621
585
558
495
421
390
375
321
230
98
-26
-136
-209
-298
-349
-332
-240
-186
-174
-162
-117
-98
-85
-65
-5
87
193
290
368
435
521
578
561
508
480
484
482
489
512
535
528
476
378
271
186
129
87
36
12
23
35
25
13
1
-6
-31
-49
-55
-20
52
135
202
258
310
356
378
388
412
454
493
525
548
565
584
582
554
496
439
389
344
292
266
248
234
195
144
81
23
-25
-60
-90
-99
-78
-47
-21
1
30
53
71
79
103
139
193
259
327
386
443
477
496
485
478
485
488
486
486
489
482
472
436
390
332
278
232
183
145
134
126
119
100
82
66
46
24
12
18
36
68
99
134
168
201
224
233
239
260
284
314
340
368
396
419
423
412
395
378
359
339
320
311
306
297
280
247
217
188
154
125
102
94
91
92
90
92
96
94
95
94
96
112
136
158
182
214
238
256
265
273
284
300
312
328
338
355
368
376
371
367
358
342
322
306
299
291
280
268
247
228
209
192
172
160
155
158
152
155
163
170
170
169
165
168
175
192
207
225
241
262
275
281
287
295
303
313
322
330
339
343
343
335
325
315
301
285
271
258
249
239
230
217
204
192
179
165
153
151
149
150
155
157
164
168
173
178
186
193
201
212
220
235
249
260
270
276
279
280
285
291
299
304
301
302
300
296
294
286
275
260
252
241
238
231
228
217
212
208
205
192
192
190
195
193
201
200
206
211
220
219
221
232
236
237
232
236
236
245
243
246
241
239
239
241
233
230
228
227
216
211
206
205
203
200
193
185
183
182
186
185
188
193
196
201
214
227
244
253
263
274
287
298
315
326
330
333
336
335
335
339
338
338
335
334
329
326
313
307
294
283
271
253
235
223
215
210
202
190
186
182
175
167
164
154
155
155
157
160
172
183
186
191
198
202
209
215
225
232
238
247
255
256
263
267
265
264
260
261
259
258
260
262
256
255
252
249
240
239
238
239
240
243
242
242
239
243
245
244
250
254
255
253
256
260
267
271
273
272
270
268
267
266
261
261
255
246
235
227
220
216
208
200
189
181
178
173
168
165
161
160
157
156
162
168
174
182
185
190
196
204
212
225
236
245
252
259
268
272
278
285
283
285
283
283
282
282
284
282
273
264
251
244
237
233
232
228
225
223
218
214
212
213
215
213
216
219
221
230
237
243
243
246
246
249
253
258
263
270
269
268
264
260
258
260
255
253
249
243
239
235
232
230
224
213
204
194
188
186
186
186
183
182
179
178
176
180
184
190
196
205
210
221
228
237
244
250
253
255
260
263
271
280
284
284
285
283
278
275
273
269
265
262
256
250
243
239
233
225
216
207
199
191
187
190
191
190
184
180
178
180
185
191
196
201
207
216
225
234
246
253
260
261
262
270
277
285
289
292
288
285
284
275
272
265
259
254
247
240
235
233
227
222
214
209
204
205
207
210
215
220
222
229
231
234
240
245
254
260
262
268
274
275
276
275
275
272
268
263
260
255
252
249
243
238
232
227
221
217
215
211
210
206
204
202
204
205
205
209
208
212
218
221
226
231
231
235
236
241
244
248
252
252
255
257
261
266
265
265
266
265
265
267
265
267
270
268
267
266
262
255
250
245
241
240
237
234
231
224
222
219
214
212
210
209
208
208
212
217
223
226
229
232
235
239
244
248
253
260
265
269
273
275
278
274
274
270
270
267
265
261
256
248
245
238
233
227
221
215
211
205
202
201
202
203
203
205
206
210
215
220
228
235
240
245
251
256
261
266
266
269
269
271
271
272
271
269
262
258
249
243
236
232
227
226
221
220
216
211
208
205
205
208
210
211
214
218
222
229
232
236
237
241
244
246
251
256
263
266
269
270
270
270
270
269
267
265
262
259
256
250
248
245
240
234
230
226
225
224
222
221
219
218
217
218
218
221
223
226
226
227
229
233
237
240
243
242
246
247
248
250
248
249
247
247
246
244
245
241
242
238
235
235
232
233
230
234
231
234
233
233
237
238
240
244
242
244
245
246
247
251
253
257
257
257
258
259
260
262
263
263
261
263
261
262
260
258
257
256
254
249
248
243
243
240
237
232
229
227
226
223
222
220
220
216
218
218
220
220
220
221
225
226
230
234
236
241
245
245
248
248
249
251
252
255
255
255
253
255
254
254
254
253
253
251
249
249
246
247
245
245
245
243
242
243
242
241
244
242
245
245
247
250
251
253
250
251
251
253
254
255
254
252
251
247
247
245
242
240
237
236
235
233
231
230
228
227
227
228
226
228
230
233
235
237
236
239
244
245
249
252
256
260
261
264
266
265
266
266
266
264
263
260
261
260
259
258
256
253
251
249
248
247
249
246
245
247
246
248
246
245
245
242
240
241
240
238
239
237
235
235
232
234
234
234
234
233
232
233
232
236
234
235
235
236
238
241
243
243
243
245
246
250
251
253
255
257
259
258
258
256
255
255
255
253
252
249
246
246
243
241
240
237
235
234
231
234
233
233
235
236
234
236
237
237
241
242
247
248
249
250
253
254
255
256
256
256
256
256
255
252
250
249
247
244
243
243
242
240
240
237
237
236
235
234
235
234
234
237
237
238
240
239
240
242
239
242
241
245
246
246
247
247
245
245
245
240
241
239
240
242
242
245
241
240
238
239
237
235
235
234
233
232
230
230
229
230
230
228
226
225
224
225
226
226
228
228
229
230
233
234
238
240
242
245
250
252
254
255
255
256
258
259
261
259
260
260
261
260
261
255
254
249
243
241
241
239
235
233
229
226
224
222
220
221
223
225
228
229
232
234
236
237
237
239
242
247
251
252
256
259
258
261
260
258
258
256
257
255
253
251
251
249
245
245
239
235
231
229
230
229
229
230
229
230
230
233
234
239
242
243
248
251
253
257
259
261
260
261
259
262
260
262
261
259
258
256
251
251
247
247
243
242
241
240
237
239
237
237
236
237
236
237
238
240
243
244
246
250
249
250
253
251
250
251
252
254
254
253
251
252
250
250
249
248
248
250
250
251
250
250
247
247
248
246
246
245
244
241
240
240
240
239
238
239
237
237
236
237
236
237
235
236
237
236
237
240
241
242
240
242
242
243
245
245
246
249
249
250
250
251
250
251
250
248
248
249
247
249
245
245
245
244
245
242
242
241
243
244
245
244
244
244
244
245
250
249
250
253
253
253
255
256
258
255
255
255
257
258
255
254
254
251
251
250
246
248
245
242
240
239
239
238
238
239
237
237
236
237
239
241
240
242
242
242
244
246
246
251
249
250
250
252
253
254
255
252
254
253
252
251
251
252
252
251
248
249
249
249
250
249
249
251
249
249
248
247
244
248
246
246
246
246
247
249
248
249
249
248
248
250
249
250
251
253
253
257
255
257
256
255
253
253
253
253
253
253
253
250
251
250
250
247
247
244
244
243
243
245
242
240
239
239
239
239
240
238
239
238
239
241
242
242
244
243
242
244
244
243
245
246
246
248
248
249
250
251
251
249
250
245
249
246
247
247
244
245
243
242
242
240
242
238
240
238
239
238
240
240
238
239
240
242
244
245
244
245
243
244
244
243
244
246
245
247
246
248
246
244
244
246
248
250
250
250
246
249
249
250
252
250
251
252
253
250
250
251
253
252
249
250
250
249
250
250
248
250
250
251
252
251
253
252
253
254
256
258
258
260
259
261
260
259
261
259
260
259
257
257
257
253
251
250
250
249
248
247
247
247
248
245
248
245
247
245
247
247
249
248
251
251
252
254
256
255
258
258
258
261
260
260
263
262
262
261
260
259
256
256
254
253
254
252
250
248
248
248
248
249
247
245
246
245
246
245
247
245
245
245
249
247
250
251
252
253
254
252
254
254
254
257
254
255
257
256
255
256
254
253
252
252
254
252
254
251
250
251
250
251
249
248
248
250
250
248
248
247
247
249
247
246
244
245
246
247
250
250
250
248
247
249
251
253
251
250
249
249
252
254
254
254
252
251
251
252
250
250
250
249
249
250
249
247
248
245
246
245
247
246
247
248
248
249
248
250
250
250
253
250
252
254
254
253
255
254
254
253
253
252
254
254
255
252
253
249
250
249
246
247
244
245
244
244
244
242
241
241
243
244
242
243
241
242
242
247
249
249
249
249
247
250
250
251
250
249
251
250
250
253
253
255
252
250
248
251
250
251
251
248
246
245
246
249
250
250
250
249
250
251
254
254
255
254
254
255
257
259
257
260
259
256
258
257
258
255
258
256
258
257
255
257
255
254
253
252
252
253
251
250
251
249
249
248
248
249
249
251
250
252
252
254
255
254
253
250
253
254
255
259
257
259
258
260
261
262
261
262
262
262
261
261
262
262
260
259
260
259
260
258
258
256
251
253
250
253
254
255
253
255
252
253
253
253
255
254
255
255
255
256
256
256
255
255
257
255
256
255
256
257
255
255
255
253
255
255
255
254
253
255
252
254
255
254
254
253
251
254
255
255
257
256
258
256
257
259
258
259
256
257
256
259
260
262
263
263
263
261
264
264
263
265
264
264
263
262
260
260
262
258
259
259
256
257
256
258
256
257
257
257
257
256
256
256
255
256
256
256
256
256
257
259
257
258
258
260
260
263
263
263
263
262
261
263
262
263
264
263
260
262
258
260
258
259
259
257
255
255
256
256
256
255
254
254
255
255
258
256
256
254
256
256
258
259
260
262
261
264
264
264
262
264
263
260
260
260
257
259
259
258
257
256
255
255
255
255
255
254
258
257
255
258
258
261
261
259
258
259
260
263
262
263
260
260
262
263
266
265
262
259
259
259
257
258
256
255
256
255
254
253
253
252
253
253
251
251
252
251
255
255
254
255
254
256
257
259
259
259
258
259
260
260
260
261
257
260
262
261
263
261
261
260
261
260
259
259
259
257
258
258
258
257
259
255
255
257
257
258
258
256
257
257
257
255
257
254
254
253
253
252
255
254
253
253
256
253
256
257
257
256
257
259
259
260
258
258
257
258
259
259
258
258
258
257
259
257
257
259
255
257
256
256
256
256
258
258
257
258
257
258
258
260
259
260
260
259
261
260
259
261
261
258
261
261
261
264
260
259
258
258
259
262
260
260
259
257
259
257
259
258
257
258
258
258
260
259
259
259
260
261
261
262
261
260
260
260
262
261
260
260
260
263
261
262
261
260
260
260
262
263
265
264
263
264
264
265
265
266
265
263
263
263
265
261
264
263
261
262
262
265
265
266
265
262
263
262
262
263
262
261
260
261
261
259
259
258
260
258
257
259
260
261
262
263
261
261
262
261
262
261
261
260
260
259
262
260
260
261
259
258
260
260
259
260
261
263
263
262
261
260
262
263
265
265
268
266
268
266
268
266
268
267
265
267
266
265
265
262
262
262
261
260
260
261
259
261
259
259
259
260
262
261
264
261
261
263
261
264
262
260
262
261
264
264
263
264
264
260
261
262
261
261
259
259
259
260
258
256
257
255
256
255
256
258
257
258
257
260
260
259
260
258
258
260
263
263
263
262
260
261
260
258
261
260
260
261
260
260
260
263
263
264
262
262
260
259
261
261
261
260
259
259
259
258
260
259
258
257
258
257
259
256
257
255
255
255
254
255
256
255
255
254
258
258
258
260
257
259
260
260
262
260
263
262
262
261
263
262
265
263
265
263
261
261
262
259
261
259
261
259
259
259
259
259
259
259
260
260
259
257
260
260
263
262
263
261
262
260
264
263
262
263
261
261
263
262
263
262
260
258
259
260
258
260
260
259
259
258
259
258
259
257
259
258
259
261
259
259
262
261
263
264
263
264
265
265
265
266
266
264
262
262
263
262
262
260
261
260
260
260
259
260
260
259
260
260
260
260
260
262
260
263
259
260
259
260
260
262
262
262
261
261
261
263
261
263
263
264
261
262
264
265
263
264
263
263
265
263
263
263
262
262
265
264
265
267
267
267
264
266
266
264
265
264
264
264
264
265
265
265
263
266
266
266
266
266
266
265
265
266
266
268
265
265
263
262
265
265
265
266
266
265
267
267
268
268
266
264
265
265
266
266
264
264
264
264
266
268
266
265
265
267
266
267
267
267
268
266
267
268
268
268
267
270
268
267
265
266
268
270
271
271
270
267
266
267
267
268
266
266
264
266
264
264
266
263
265
264
267
269
267
268
265
267
267
268
269
267
266
264
266
267
266
267
267
266
267
269
268
269
270
271
269
269
269
269
268
269
268
269
267
268
267
267
268
268
267
268
268
269
269
266
266
266
265
268
265
266
264
263
263
265
265
265
264
265
265
265
266
267
268
267
267
266
268
267
267
265
267
268
265
267
265
264
264
265
265
265
267
266
266
267
266
266
265
264
265
263
265
267
266
266
266
266
266
268
269
268
268
267
270
269
266
267
265
263
263
264
266
265
265
262
263
261
262
263
263
263
262
262
263
262
261
262
261
262
260
261
260
263
262
263
263
263
265
264
266
265
265
265
266
267
266
265
261
262
264
262
264
263
263
263
264
264
266
268
266
265
263
263
265
267
269
266
264
264
265
266
267
267
263
261
261
262
265
266
266
263
263
261
265
264
264
262
262
261
262
262
260
262
261
262
264
264
265
265
263
263
264
264
262
264
264
262
263
260
262
262
262
263
262
263
263
264
265
264
265
266
265
269
265
266
267
269
265
265
266
263
265
264
266
267
267
263
262
262
262
265
264
262
261
261
260
262
260
260
261
261
260
262
262
261
260
262
260
265
264
265
264
265
264
264
265
263
265
264
265
268
267
265
265
266
264
264
263
263
266
262
262
264
260
259
260
260
260
263
262
262
263
260
264
261
264
264
262
262
262
262
260
261
262
261
263
262
263
265
263
264
264
265
263
265
263
264
268
265
268
267
263
264
263
264
264
265
264
264
265
264
267
265
264
265
265
267
267
264
265
265
264
265
262
262
261
262
264
264
263
263
262
261
264
265
263
264
263
264
262
264
263
261
262
262
262
265
263
265
262
262
263
267
267
265
266
264
266
266
268
266
266
266
265
265
267
268
266
266
267
265
265
266
267
268
266
268
264
265
263
265
265
265
262
262
262
263
263
265
264
265
264
264
264
266
265
266
265
265
263
265
262
265
263
265
265
266
265
267
268
266
266
263
264
266
265
268
266
265
265
263
265
266
264
263
263
265
264
266
265
265
265
265
265
265
264
262
262
264
264
265
263
264
262
263
264
264
263
263
264
266
267
267
266
266
265
266
265
267
266
265
266
266
265
268
267
266
265
264
264
265
263
262
262
262
259
263
262
262
264
262
263
261
260
260
262
261
264
265
264
264
265
263
266
265
265
265
265
265
265
265
266
265
265
265
266
266
267
267
265
265
265
264
263
263
263
263
264
264
265
264
265
263
263
265
265
264
265
263
265
264
264
264
263
261
262
263
260
260
261
262
260
264
263
261
262
260
263
264
263
262
262
262
263
263
261
263
263
261
262
263
262
264
263
264
265
264
265
266
265
265
264
266
265
263
263
264
264
267
265
265
265
264
264
266
265
265
265
266
265
266
264
268
263
264
260
264
263
263
263
265
263
263
262
264
264
265
263
263
263
263
264
261
263
261
262
262
265
262
263
263
263
263
263
263
265
264
264
264
265
265
265
264
259
261
260
261
262
264
261
261
263
263
267
264
264
265
265
264
266
266
264
264
264
265
263
262
263
264
264
264
265
265
266
265
264
263
265
262
265
264
262
261
261
259
260
259
260
261
260
260
262
264
262
262
263
262
263
264
262
262
261
262
262
264
262
265
264
264
263
265
263
264
266
263
265
265
266
267
267
265
266
265
264
264
265
263
264
263
263
264
264
263
263
263
262
262
264
263
262
262
263
261
263
261
262
261
262
265
262
267
263
264
261
264
264
263
264
264
263
264
263
265
264
263
263
263
265
262
263
262
264
263
261
263
264
262
263
262
262
262
264
262
264
265
261
265
264
262
263
263
264
265
264
262
264
260
262
262
262
266
260
265
262
263
263
261
262
262
263
263
262
263
263
262
260
262
261
260
260
263
262
260
262
263
263
263
263
266
264
265
265
263
265
265
263
262
262
260
262
261
264
263
262
262
263
262
262
262
265
263
265
262
263
263
263
263
264
264
262
261
263
263
265
262
264
264
265
263
262
263
264
264
263
264
263
261
260
261
261
260
261
262
261
259
261
262
262
262
263
261
262
263
261
262
262
261
260
259
258
260
260
259
260
260
259
261
259
261
259
259
261
258
260
258
261
260
260
261
261
263
260
261
259
260
260
260
262
263
263
261
261
260
259
261
260
261
260
261
261
259
260
260
258
260
260
262
260
260
260
260
262
261
261
261
259
260
260
260
261
262
259
260
260
260
260
260
260
258
259
256
260
261
260
259
256
258
256
257
258
257
255
254
255
258
257
259
255
256
255
258
258
258
257
257
257
260
260
261
260
258
260
260
260
263
262
260
261
262
261
264
262
261
260
260
260
261
260
260
261
261
260
260
259
260
259
260
260
261
259
260
259
258
257
258
259
259
258
258
259
258
260
259
259
261
258
259
257
257
259
256
258
255
255
255
255
256
258
257
258
255
258
257
259
260
260
257
255
255
257
259
259
257
257
257
258
256
257
258
258
258
258
256
257
258
259
258
258
258
257
257
255
255
256
255
255
255
254
252
255
255
255
254
255
256
257
257
256
254
253
254
254
255
256
253
253
254
252
254
255
258
257
255
255
256
254
255
256
255
256
256
255
255
255
256
255
254
253
254
254
254
255
254
254
256
255
254
256
255
254
255
250
255
252
254
253
254
253
253
254
254
255
256
254
255
255
258
255
254
256
254
251
252
253
254
253
254
252
253
252
253
253
254
254
251
253
251
252
251
252
251
252
252
251
253
251
253
252
250
250
249
249
252
253
255
254
252
250
252
251
251
254
253
252
253
252
253
252
253
254
254
254
253
254
251
250
252
250
252
251
252
251
249
250
249
251
250
250
252
251
250
249
247
249
250
251
250
250
250
250
250
249
249
250
247
251
250
249
251
248
249
249
248
248
250
249
247
249
247
246
248
245
244
246
246
249
248
248
250
249
250
251
248
249
250
250
248
250
249
248
248
247
246
246
248
247
249
248
246
248
247
247
246
245
245
246
245
247
246
246
244
245
244
245
245
243
244
245
245
247
247
245
244
244
244
245
247
245
244
245
245
247
246
244
245
244
244
245
245
245
245
246
244
246
245
247
245
247
247
248
248
246
247
249
249
249
250
248
248
249
249
247
250
248
249
250
250
249
249
248
249
248
248
249
248
247
248
246
246
247
246
245
247
246
245
246
246
246
248
246
246
244
247
246
247
247
247
248
248
248
248
247
246
245
246
248
247
249
249
250
250
248
250
249
248
248
248
248
249
249
250
250
248
245
245
246
247
248
248
247
247
247
248
247
246
245
245
247
248
248
249
247
247
248
248
250
249
252
250
249
249
249
250
252
252
253
251
250
250
250
249
250
251
250
251
250
250
251
251
249
251
250
250
252
250
250
251
250
250
250
250
251
251
250
250
249
250
251
250
249
251
250
253
251
251
250
249
248
251
250
251
252
253
254
251
253
255
253
253
252
252
254
254
255
253
255
254
255
254
254
255
253
252
254
252
253
255
251
252
253
251
251
251
252
253
253
254
252
250
252
251
252
252
252
253
251
251
251
251
251
253
253
253
255
253
252
249
251
248
250
249
249
251
247
251
250
251
252
252
254
253
253
251
253
254
251
251
251
252
251
252
252
250
251
250
253
251
251
251
249
250
247
248
248
249
251
249
246
244
245
246
250
250
250
247
246
248
250
249
249
246
248
250
251
250
248
245
246
244
246
247
248
247
247
246
245
247
248
248
249
247
248
248
247
246
247
245
245
246
246
245
245
248
248
248
247
245
247
249
250
250
247
245
245
248
249
247
246
242
244
246
245
246
242
243
245
246
249
248
245
243
242
244
245
245
244
241
239
243
243
244
243
242
241
244
246
247
245
245
243
245
245
245
245
245
245
244
244
245
242
243
246
244
246
246
245
246
246
245
246
246
245
244
244
244
245
243
242
245
244
244
245
242
242
244
244
243
245
243
241
241
240
242
244
243
245
242
241
240
242
242
242
243
243
243
245
243
245
243
242
244
245
242
242
241
240
242
243
240
242
243
242
243
244
243
243
244
244
245
243
242
242
242
244
244
242
242
240
240
241
241
242
243
245
245
244
240
242
241
242
243
240
240
240
240
240
240
242
241
242
241
242
242
242
243
241
242
241
242
241
244
243
241
241
241
240
243
242
242
242
242
243
244
242
242
242
242
241
241
241
242
242
243
241
242
242
242
243
242
243
242
241
243
242
244
244
245
245
244
242
241
244
243
245
243
242
242
241
243
244
244
243
242
244
243
245
242
241
240
242
240
242
241
240
241
242
239
240
239
240
240
240
241
242
242
242
241
242
239
241
241
243
241
242
241
242
243
242
242
241
243
242
241
241
243
243
244
241
241
240
240
244
242
240
240
241
240
244
243
241
242
240
242
243
240
240
238
237
237
238
239
239
239
239
240
241
239
241
240
238
240
237
237
240
239
239
240
240
237
241
238
241
240
239
239
240
238
240
240
241
240
242
240
241
241
240
240
239
238
239
240
241
240
242
242
243
243
243
241
242
239
240
238
239
240
238
239
239
240
240
239
240
239
240
239
240
237
239
237
239
239
239
237
235
236
237
235
238
236
234
235
236
235
236
236
237
238
237
236
236
237
236
237
237
235
236
237
236
237
235
236
239
239
239
238
239
237
238
240
239
239
238
238
240
240
239
238
237
239
240
241
241
238
240
239
240
240
237
240
238
241
240
240
239
236
237
236
236
237
238
236
238
237
238
240
240
239
237
238
237
237
236
234
236
237
236
238
238
239
238
238
240
240
242
242
240
239
238
240
240
241
240
241
238
240
240
241
240
242
240
240
240
238
239
243
239
241
239
239
240
239
238
239
239
237
240
241
240
240
239
239
241
239
240
240
239
240
238
239
239
239
240
240
240
241
238
239
239
239
240
241
243
241
242
241
241
241
242
241
240
241
242
241
240
242
240
241
242
241
241
243
242
240
242
242
243
244
240
240
239
239
240
240
240
239
238
241
240
239
242
240
241
241
239
239
240
243
240
240
239
236
237
239
240
240
239
240
240
238
239
243
240
240
240
240
240
239
239
239
239
236
237
238
238
238
238
237
238
238
238
239
241
239
240
238
239
240
240
240
237
238
237
239
239
239
238
238
237
239
240
237
238
239
237
236
236
237
237
238
238
238
238
237
236
239
238
236
238
235
236
235
236
236
236
234
235
237
234
235
235
235
235
236
234
235
236
235
237
238
236
236
235
237
235
237
234
235
236
234
234
235
234
234
233
235
235
237
236
238
238
236
236
235
234
236
235
233
235
234
235
236
235
235
235
235
235
235
237
238
237
237
235
233
234
232
235
230
232
232
232
232
233
233
233
234
234
234
235
234
233
235
234
232
232
231
230
231
230
232
231
232
231
230
231
230
231
232
230
233
230
231
231
232
232
231
233
230
232
230
230
231
230
231
233
231
231
232
231
232
233
232
232
234
233
232
230
230
231
232
231
231
230
231
232
233
233
233
232
233
232
231
231
232
232
232
230
229
231
231
230
232
231
230
230
230
231
230
230
231
230
230
230
229
229
231
229
230
230
229
230
230
231
232
230
232
232
234
233
231
231
234
233
232
232
232
232
231
231
232
230
232
230
232
230
233
231
231
232
231
230
231
231
232
231
230
230
233
232
233
234
232
233
234
235
234
233
235
232
233
233
230
234
230
234
233
233
233
232
234
232
234
232
232
232
230
232
231
231
234
231
234
233
231
231
231
231
229
231
230
230
232
231
231
231
232
232
233
230
231
233
232
234
234
232
234
233
232
233
235
235
235
235
235
235
236
237
236
235
234
234
237
235
235
236
235
235
237
236
235
236
235
236
236
235
236
237
236
234
235
233
234
235
233
232
233
233
233
233
233
234
233
235
233
235
232
233
232
233
234
232
233
231
231
231
231
234
230
232
233
232
235
235
235
235
233
235
234
233
233
234
233
235
233
235
234
234
234
235
233
234
234
235
233
233
233
230
232
234
233
233
231
231
229
232
234
233
235
234
233
232
231
231
231
231
233
229
228
0
0
0
0
0
0
0
0
0
0
0
0
0
0
0
0
0
0
0
0
0
0
0
0
0
0
0
0
0
0
0
0
0
0
0
0
0
0
0
0
0
0
0
0
0
0
0
0
0
0
0
0
0
0
0
0
0
0
0
0
0
0
0
0
0
0
0
0
0
0
0
0
0
0
0
0
0
0
0
0
0
0
0
0
0
0
0
0
0
0
0
0
0
0
0
0
0
0
0
0
0
0
0
0
0
0
0
0
0
0
0
0
0
0
0
0
0
0
0
0
0
0
0
0
0
0
0
0
0
0
0
0
0
0
0
0
0
0
0
0
0
0
0
0
0
0
0
0
0
0
0
0
0
0
0
0
0
0
0
0
0
0
0
0
0
0
0
0
0
0
0
0
0
0
0
0
0
0
0
0
0
0
0
0
0
0
0
0
0
0
0
0
0
0
0
0
0
0
0
0
0
0
0
0
0
0
0
0
0
0
0
0
0
0
0
0
0
0
0
0
0
0
0
0
0
0
0
0
0
0
0
0
0
0
0
0
0
0
0
0
0
0
0
0
0
0
0
0
0
0
0
0
0
0
0
0
0
0
0
0
0
0
0
0
0
0
0
0
0
0
0
0
0
0
0
0
0
0
0
0
0
0
0
0
0
0
0
0
0
0
0
0
0
0
0
0
0
0
0
0
0
0
0
0
0
0
0
0
0
0
0
0
0
0
0
0
0
0
0
0
0
0
0
0
0
0
0
0
0
0
0
0
0
0
0
0
0
0
0
0
0
0
0
0
0
0
0
0
0
0
0
0
0
0
0
0
0
0
0
0
0
0
0
0
0
0
0
0
0
0
0
0
0
0
0
0
0
0
0
0
0
0
0
0
0
0
0
0
0
0
0
0
0
0
0
0
0
0
0
0
0
0
0
0
0
0
0
0
0
0
0
0
0
0
0
0
0
0
0
0
0
0
0
0
0
0
0
0
0
0
0
0
0
0
0
0
0
0
0
0
0
0
0
0
0
0
0
0
